5.513716319436934299e-02
4.339269546343621498e-02
3.459771768040321993e-02
2.777992592895483365e-02
2.234770776580056323e-02
1.792506107057019460e-02
1.426136116980803586e-02
1.117511231461352020e-02
8.527650542731171970e-03
6.217775683098800653e-03
4.177579672143593228e-03
2.363066313635739813e-03
0.000000000000000000e+00
7.037157328507300186e-04
2.000594351621517563e-03
3.165691070844376797e-03
4.216224456804599542e-03
5.167516425915560235e-03
6.032905735981450995e-03
6.823803744314398990e-03
7.549860561542737040e-03
8.219187736088607796e-03
8.838593593477729257e-03
9.413804194144453560e-03
9.949656970312402773e-03
1.045026335103516578e-02
1.091914178831800489e-02
1.135932489220332561e-02
1.177344503086901265e-02
1.216380255689551021e-02
1.253242026990605829e-02
1.288108708394377494e-02
1.321139326289256025e-02
1.352475906931454273e-02
1.382245825172709677e-02
1.410563746494737127e-02
1.437533246342800539e-02
1.463248171342276457e-02
1.487793792278157765e-02
1.511247787600037730e-02
1.533681087798115066e-02
1.555158604602556970e-02
1.575739864076204991e-02
1.595479558917004340e-02
1.614428032380395978e-02
1.632631703961092903e-02
1.650133445187560929e-02
1.666972912460521969e-02
1.683186842730965971e-02
1.698809316891414234e-02
1.713871995007566068e-02
